t249_00
100 249 83
36.6
26.8
36.6
43.0
26.3
30.7
41.4
28.7
29.9
49.5
25.1
25.4
47.4
25.2
27.4
37.0
26.9
36.1
47.3
25.2
27.5
47.2
25.9
26.9
44.4
25.8
29.8
43.9
27.3
28.8
44.5
27.2
28.3
41.9
26.1
32.0
36.3
27.1
36.6
35.5
27.3
37.2
46.6
26.2
27.2
35.7
29.2
35.1
39.5
25.5
35.0
35.0
30.3
34.7
45.0
25.2
29.8
41.0
27.5
31.5
40.7
26.0
33.3
36.6
27.1
36.3
35.0
29.4
35.6
48.0
25.3
26.7
44.6
25.9
29.5
37.6
26.7
35.7
36.6
28.2
35.2
47.8
25.6
26.6
42.0
25.1
32.9
43.4
25.2
31.4
47.0
25.4
27.6
49.7
25.0
25.3
49.7
25.0
25.3
44.5
25.4
30.1
41.2
26.3
32.5
40.0
29.8
30.2
36.2
28.2
35.6
40.5
25.9
33.6
39.7
29.0
31.3
48.5
25.3
26.2
36.7
27.4
35.9
35.5
26.3
38.2
47.1
25.8
27.1
46.4
25.9
27.7
42.6
28.1
29.3
49.8
25.0
25.2
39.2
25.7
35.1
48.5
25.1
26.4
44.1
27.2
28.7
39.2
27.5
33.3
35.0
26.4
38.6
49.1
25.1
25.8
43.7
25.5
30.8
47.3
25.1
27.6
41.5
25.5
33.0
49.5
25.0
25.5
48.8
25.3
25.9
48.5
25.5
26.0
41.9
28.7
29.4
46.9
25.0
28.1
38.5
26.9
34.6
49.0
25.2
25.8
46.2
26.4
27.4
49.7
25.0
25.3
42.6
26.2
31.2
44.6
27.4
28.0
39.2
29.4
31.4
49.2
25.0
25.8
49.1
25.0
25.9
36.7
27.6
35.7
49.6
25.1
25.3
40.6
25.2
34.2
44.1
25.4
30.5
48.5
25.4
26.1
37.0
29.3
33.7
42.1
27.1
30.8
39.3
29.7
31.0
47.9
25.0
27.1
48.1
25.0
26.9
48.0
25.5
26.5
36.5
29.1
34.4
42.2
26.0
31.8
40.4
27.8
31.8
